number of dots: 121

-5.000000 -5.000000 150.000000
-5.000000 -4.000000 89.000000
-5.000000 -3.000000 52.000000
-5.000000 -2.000000 33.000000
-5.000000 -1.000000 26.000000
-5.000000 0.000000 25.000000
-5.000000 1.000000 24.000000
-5.000000 2.000000 17.000000
-5.000000 3.000000 -2.000000
-5.000000 4.000000 -39.000000
-5.000000 5.000000 -100.000000
-4.000000 -5.000000 141.000000
-4.000000 -4.000000 80.000000
-4.000000 -3.000000 43.000000
-4.000000 -2.000000 24.000000
-4.000000 -1.000000 17.000000
-4.000000 0.000000 16.000000
-4.000000 1.000000 15.000000
-4.000000 2.000000 8.000000
-4.000000 3.000000 -11.000000
-4.000000 4.000000 -48.000000
-4.000000 5.000000 -109.000000
-3.000000 -5.000000 134.000000
-3.000000 -4.000000 73.000000
-3.000000 -3.000000 36.000000
-3.000000 -2.000000 17.000000
-3.000000 -1.000000 10.000000
-3.000000 0.000000 9.000000
-3.000000 1.000000 8.000000
-3.000000 2.000000 1.000000
-3.000000 3.000000 -18.000000
-3.000000 4.000000 -55.000000
-3.000000 5.000000 -116.000000
-2.000000 -5.000000 129.000000
-2.000000 -4.000000 68.000000
-2.000000 -3.000000 31.000000
-2.000000 -2.000000 12.000000
-2.000000 -1.000000 5.000000
-2.000000 0.000000 4.000000
-2.000000 1.000000 3.000000
-2.000000 2.000000 -4.000000
-2.000000 3.000000 -23.000000
-2.000000 4.000000 -60.000000
-2.000000 5.000000 -121.000000
-1.000000 -5.000000 126.000000
-1.000000 -4.000000 65.000000
-1.000000 -3.000000 28.000000
-1.000000 -2.000000 9.000000
-1.000000 -1.000000 2.000000
-1.000000 0.000000 1.000000
-1.000000 1.000000 0.000000
-1.000000 2.000000 -7.000000
-1.000000 3.000000 -26.000000
-1.000000 4.000000 -63.000000
-1.000000 5.000000 -124.000000
0.000000 -5.000000 125.000000
0.000000 -4.000000 64.000000
0.000000 -3.000000 27.000000
0.000000 -2.000000 8.000000
0.000000 -1.000000 1.000000
0.000000 0.000000 0.000000
0.000000 1.000000 -1.000000
0.000000 2.000000 -8.000000
0.000000 3.000000 -27.000000
0.000000 4.000000 -64.000000
0.000000 5.000000 -125.000000
1.000000 -5.000000 126.000000
1.000000 -4.000000 65.000000
1.000000 -3.000000 28.000000
1.000000 -2.000000 9.000000
1.000000 -1.000000 2.000000
1.000000 0.000000 1.000000
1.000000 1.000000 0.000000
1.000000 2.000000 -7.000000
1.000000 3.000000 -26.000000
1.000000 4.000000 -63.000000
1.000000 5.000000 -124.000000
2.000000 -5.000000 129.000000
2.000000 -4.000000 68.000000
2.000000 -3.000000 31.000000
2.000000 -2.000000 12.000000
2.000000 -1.000000 5.000000
2.000000 0.000000 4.000000
2.000000 1.000000 3.000000
2.000000 2.000000 -4.000000
2.000000 3.000000 -23.000000
2.000000 4.000000 -60.000000
2.000000 5.000000 -121.000000
3.000000 -5.000000 134.000000
3.000000 -4.000000 73.000000
3.000000 -3.000000 36.000000
3.000000 -2.000000 17.000000
3.000000 -1.000000 10.000000
3.000000 0.000000 9.000000
3.000000 1.000000 8.000000
3.000000 2.000000 1.000000
3.000000 3.000000 -18.000000
3.000000 4.000000 -55.000000
3.000000 5.000000 -116.000000
4.000000 -5.000000 141.000000
4.000000 -4.000000 80.000000
4.000000 -3.000000 43.000000
4.000000 -2.000000 24.000000
4.000000 -1.000000 17.000000
4.000000 0.000000 16.000000
4.000000 1.000000 15.000000
4.000000 2.000000 8.000000
4.000000 3.000000 -11.000000
4.000000 4.000000 -48.000000
4.000000 5.000000 -109.000000
5.000000 -5.000000 150.000000
5.000000 -4.000000 89.000000
5.000000 -3.000000 52.000000
5.000000 -2.000000 33.000000
5.000000 -1.000000 26.000000
5.000000 0.000000 25.000000
5.000000 1.000000 24.000000
5.000000 2.000000 17.000000
5.000000 3.000000 -2.000000
5.000000 4.000000 -39.000000
5.000000 5.000000 -100.000000
