number of dots: 30

-5.000000 24.000000
-4.670000 20.808900
-4.340000 17.835600
-4.010000 15.080100
-3.680000 12.542400
-3.350000 10.222500
-3.020000 8.120400
-2.690000 6.236100
-2.360000 4.569600
-2.030000 3.120900
-1.700000 1.890000
-1.370000 0.876900
-1.040000 0.081600
-0.710000 -0.495900
-0.380000 -0.855600
-0.050000 -0.997500
0.280000 -0.921600
0.610000 -0.627900
0.940000 -0.116400
1.270000 0.612900
1.600000 1.560000
1.930000 2.724900
2.260000 4.107600
2.590000 5.708100
2.920000 7.526400
3.250000 9.562500
3.580000 11.816400
3.910000 14.288100
4.240000 16.977600
4.570000 19.884900
4.900000 23.010000
